111111100000000000000000000000000000000000000000000011111111100000000000000000000000000000000000
111111110000000000000000000000000000000000000000000011111111100000000000000000000000000000111000
111111110000000000000000001110000000000000000000000011111111100000000000000000000000000001111100
111111100000000000000001111111000000000000000000000011111111100000001100000000111000000011111110
111011001110000000000001111110000000000000000000000011111111100000011110000001111100011111111110
111010011110000000000001111100000000000000000000000011111111100000011110000011111111111111111100
111000111110000000000001110000000000000000000000000111111111100000011110000111111111111111000000
111011011110000000000000110000000000000000000000001111111111100000001100001111111111111111000000
111011001111111111111111111111111111111111111111111111111111110000001100011111111111111111100000
111010001111111111111111111111111111111111111111111111111111110000000000111111111111111111110000
111000001110000000000000000000000000000001111111110001111111110001110001111111111111111111111000
111000001000000000011111111110000000000001111111110000111111110001110001111111111111111111111100
111000001000000000011111111110000000000001111111110000111111100000000001111111111111111111111110
111000000000000000011111111110000000000001111111110001111111100000000000111111111111111111111110
111000011111111111111111111110000000000000111011100011111111100000000000111111111111111111111100
111000111111111111111111111110000000000000000000000111111111100000000000111111111111111111110000
111000110000001111111111111111111111111110000000000111111111100000000000011111111111111111000000
111000010000001111111111111111111111111110000000000111111111100000000000011101111111111110011100
111000000110001111111111111111100111000010000000000111111111110000111000000000000000000000111100
111000001111000000000000000000001111100010000000000111111111110000111100000000000000000000111110
111000011111110000000000000000011111110000000000000111111111100001111100000000000000000000111100
111000011111110000000000000000011111110000000000000111111111100000111100000000000000000000011000
111000011111110000000000000000011111111110001100000111111111110000011000000000000000000000000000
110000011111110000000000000000011111111111011110000011111111111000000000000000001100000111101100
000000011111100000000000000110011111111110010010000001111111111100000000000000011110001111111110
111100011111100000010000000110011111111110010100000001111111111100000000000000011110001111111111
000100000000000000010000000110000000000000001000000000111111111100000000000000011110111111111111
000100011111111111110000000000000000111111100000000000111111111100000000000000001101111111111111
000100000000000000000000000000000000000000000000000000000000000000000000000000000011111111111111
000100000000000000000000000000000000000000000000000000000000000000000000000000001111111111111111
000100011000000000000000000000000000000000000000000000111111111100000000000000011111111111111111
000100111100000000000000000000000000000000000000000000101111111100000000000001111111111111111111
000101111100000000000000000000000000000000000000000000011111111100000000000011111111111111111111
000101111111100000000000000000000000000000000000000000001111111100000111000011111111111111111111
000100111111110000000000000000000000000000111100000000011111111110000111000011111111111111111111
000100011111110000000000000000000000000001111100000000011111111111000000000001111111111111111111
000100000111110000000000000000000000000001111000000000001111111111000000110000111111111111111111
000100000011100000000000000000000000000000111000000000011111111111000000111000011111111111111111
000111100000000111000000000000000000000000010000000000011111111111110000110000011111111111111111
000000010000001111100000000000000000000000000000000000001111111111111000000000000111111111111111
000000010000001111100000000000000000000000000000000000000111111111111000000000000011111111111111
000000010000001111000000000000000000111000000000000000001111111111111100000000000001111001111111
000000110000000111000000000000000001111000000000000000011111111111111000000111100000110000111111
110001110000000000000000000000000001111000000000000000111111111111111100001111110000000110011111
110000110000000000000000000000000001111111100000000000111111111111111111111111111000001110001111
111111110000000000000000000000000000101111100000000000111111111111111111111111111100000000000100
000000000000000000000000000000000000001111100000000001111111111111111111111111111111110000000000
001111000000000000000000000000000000000111100000000001111111111111111111111111111111111000000000
001111011111111111000000000000000000000011000001100001111111111111111111111111111111111100000000
001111011011111111000000000000000000000000000011110000111111111111111111111111111111111110000000
001111011000110011000000000000000000000000000000000011111111111111111111111111111111111110000110
001111011111110101000000000000000000000000001111111111111111111111111111111111111111111110001111
001110011111111111000000000000000000000000101111111111111111111111111111111111111111111110000000
000000111111100000000000000000000000011111111111111111111111111111111111111111111111111111000000
001111111111100000000000000111100000011111111111111111111111111111111111111111111111111111000000
001111111111100000000000000111100000011111111111111111111111111111111111111111111111111110001000
001000001111100000000000000111110000111111111111111111111111111111111111111111111111111100011110
001000000000000000000000000111100011111111111111111111111111111111111111111111111111111100111110
001000000000000000000000000011000001111111111111111111111111111111111111111111111100000000111110
001000000000000000000001100000000001111111111111111111111111111111111111111111111000000000111110
001000000000000000000011110000000000000000000000000111111111111111111111111111111000001100011100
001000000000000000011111111000000000000000000000000111111111111111111111111111111000011110000000
001000000000000000111111111111000000000000000000000111111111111111111111111111111000000000000000
001111111111111000111111111111100000000000000000000111111111111111111111111111111000000000000000
